1                                0.00
2                                0.00
3                                0.00
4                                0.00
5                                0.00
6                                0.00
7                                0.00
8                                0.00
9                                0.00
10                               0.00
11                               0.00
12                               0.00
13                               0.00
14                               0.00
15                               0.00
16                               0.00
17                               0.00
18                               0.00
19                               0.00
20                               0.00
54                               0.00
dum001                           0.00
dum002                           0.00
dum003                           0.00
dum004                           0.00
dum005                           0.00
dum006                           0.00
dum007                           0.00
dum008                           0.00
dum009                           0.00
dum010                           0.00
dum011                           0.00
dum012                           0.00
dum013                           0.00
dum014                           0.00
dum015                           0.00
dum016                           0.00
dum017                           0.00
dum018                           0.00
dum019                           0.00
dum020                           0.00
dum021                           0.00
dum022                           0.00
dum023                           0.00
dum024                           0.00
dum025                           0.00
dum026                           0.00
29                               0.00
37                               0.00
25                               0.00
39                               0.00
26                               0.00
28                               0.00
30                               0.00
27                               0.00
33                               0.00
36                               0.00
40                               0.00
32                               0.00
38                               0.00
21                               0.00
34                               0.00
35                               0.00
23                               0.00
24                               0.00
31                               0.00
22                               0.00
48                               0.00
60                               0.00
42                               0.12
49                               0.00
43                               0.00
44                               0.00
45                               0.00
41                               0.00
55                               0.12
59                               0.00
52                               0.00
53                               0.00
51                               0.00
46                               0.00
47                               0.00
50                               0.00
57                               0.00
56                               0.00
58                               0.00
62                               0.12
78                               0.12
61                               0.00
63                               0.03
64                               0.00
65                               0.03
72                               0.16
80                               0.00
71                               0.00
74                               0.00
75                               0.00
73                               0.00
68                               0.03
69                               0.00
70                               0.06
67                               0.00
77                               0.00
66                               0.00
76                               0.06
79                               0.06
91                               0.17
92                               0.05
93                               0.16
94                               0.03
95                               0.05
81                               0.02
83                               0.02
86                               0.06
89                               0.06
84                               0.03
98                               0.02
88                               0.18
87                               0.05
90                               0.14
100                              0.12
96                               0.00
99                               0.00
97                               0.00
82                               0.13
85                               0.02
112                              0.03
113                              0.02
114                              0.06
115                              0.06
111                              0.00
101                              0.17
102                              0.04
103                              0.11
104                              0.06
105                              0.04
116                              0.15
117                              0.18
118                              0.08
119                              0.06
120                              0.00
108                              0.05
107                              0.05
106                              0.17
109                              0.14
110                              0.06
122                              0.10
135                              0.21
128                              0.10
121                              0.00
124                              0.11
132                              0.30
131                              0.08
133                              0.14
134                              0.00
125                              0.20
140                              0.22
123                              0.06
136                              0.05
138                              0.05
127                              0.20
126                              0.21
129                              0.05
130                              0.17
139                              0.21
137                              0.00
141                              0.08
142                              0.10
143                              0.20
144                              0.10
145                              0.03
148                              0.19
150                              0.19
151                              0.02
153                              0.08
154                              0.04
155                              0.05
152                              0.00
149                              0.10
158                              0.10
157                              0.05
146                              0.11
147                              0.12
160                              0.10
156                              0.00
159                              0.00
165                              0.13
172                              0.17
162                              0.13
174                              0.12
175                              0.11
161                              0.00
171                              0.05
173                              0.25
179                              0.22
180                              0.22
167                              0.05
169                              0.07
170                              0.07
164                              0.14
163                              0.00
166                              0.00
176                              0.18
178                              0.09
177                              0.00
168                              0.00
194                              0.22
197                              0.21
184                              0.02
185                              0.02
196                              0.08
198                              0.08
199                              0.08
200                              0.16
182                              0.02
191                              0.12
192                              0.40
193                              0.20
195                              0.23
181                              0.04
183                              0.04
189                              0.06
187                              0.00
190                              0.08
188                              0.04
186                              0.00
