1 1   0.000953816600
1 2   0.001011592200
1 3   0.001324995900
1 4   0.005603737300
1 5   0.010245240400
1 6   0.011340547400
1 7   0.013272900700
1 8   0.014193152700
1 9   0.014554825900
1 10   0.015486143800
1 11   0.015533234100
1 12   0.017287108900
1 13   0.017415566400
1 14   0.017725852500
1 15   0.020918057200
1 16   0.021601160700
1 17   0.024627631000
1 18   0.024679565100
1 19   0.025499305000
1 20   0.026239169000
1 21   0.026298699800
1 22   0.026588585800
1 23   0.027536180300
1 24   0.028512327600
1 25   0.028665700900
1 26   0.028931645800
1 27   0.029777294600
1 28   0.030149575300
1 29   0.031132369600
1 30   0.032090372300
1 31   0.033018869800
1 32   0.037244337500
1 33   0.048069734400
1 34   0.053979263900
1 35   0.054136798400
1 36   0.058620275900
1 37   0.060632529800
1 38   0.060644406700
1 39   0.065676066000
1 40   0.068072550500
1 41   0.068106247600
1 42   0.070547879300
1 43   0.073123611700
1 44   0.074756708700
1 45   0.079379665800
1 46   0.098348694600
1 47   0.101284276000
1 48   0.102253373000
1 49   0.102312291000
1 50   0.103835429000
1 51   0.104881829000
1 52   0.104900276000
1 53   0.105922908000
1 54   0.106532579000
1 55   0.111387612000
1 56   0.111605174000
1 57   0.112012432000
1 58   0.113528414000
1 59   0.117656263000
1 60   0.118576774000
1 61   0.118729146000
1 62   0.120172530000
1 63   0.120899214000
1 64   0.122033815000
1 65   0.123483433000
1 66   0.125891650000
1 67   0.125923322000
1 68   0.126343853000
1 69   0.127733823000
1 70   0.128292803000
1 71   0.128744741000
1 72   0.134792294000
1 73   0.135298906000
1 74   0.135675206000
1 75   0.136024658000
1 76   0.136120440000
1 77   0.138494994000
1 78   0.142663939000
1 79   0.142735425000
1 80   0.142915491000
1 81   0.144756542000
1 82   0.145074768000
1 83   0.145195136000
1 84   0.146112476000
1 85   0.159219424000
1 86   0.160763042000
1 87   0.162318882000
1 88   0.164714691000
1 89   0.164841455000
1 90   0.165666668000
1 91   0.169987908000
1 92   0.171798806000
1 93   0.172798272000
1 94   0.172820470000
1 95   0.177954670000
1 96   0.178554167000
1 97   0.182358050000
1 98   0.192767540000
1 99   0.193099562000
1 100   0.196523161000
1 101   0.198588689000
1 102   0.198653396000
1 103   0.199830791000
1 104   0.200764837000
1 105   0.203762043000
1 106   0.206569237000
1 107   0.208769615000
1 108   0.211330998000
1 109   0.211476018000
1 110   0.214072783000
1 111   0.215759084000
1 112   0.219671092000
1 113   0.220262738000
1 114   0.222318551000
1 115   0.227344801000
1 116   0.227744434000
1 117   0.227788863000
1 118   0.228158089000
1 119   0.228996233000
1 120   0.230586073000
1 121   0.231215283000
1 122   0.232496198000
1 123   0.234297282000
1 124   0.240396940000
1 125   0.241366990000
1 126   0.242235534000
1 127   0.244087669000
1 128   0.245515039000
1 129   0.246093991000
1 130   0.248885031000
1 131   0.251527362000
1 132   0.252080911000
1 133   0.253464804000
1 134   0.253638073000
1 135   0.262731864000
1 136   0.265840916000
1 137   0.267061581000
1 138   0.268388405000
1 139   0.269904886000
1 140   0.271421733000
1 141   0.271928125000
1 142   0.273278967000
1 143   0.273776965000
1 144   0.276755149000
1 145   0.278744461000
1 146   0.281913344000
1 147   0.282062769000
1 148   0.282811855000
1 149   0.284862827000
1 150   0.284998708000
1 151   0.290947140000
1 152   0.291247757000
1 153   0.291309140000
1 154   0.291639050000
1 155   0.291678225000
1 156   0.293659313000
1 157   0.293682197000
1 158   0.294501292000
1 159   0.299249807000
1 160   0.306323846000
1 161   0.306682049000
1 162   0.307420892000
1 163   0.310623939000
1 164   0.311042518000
1 165   0.313082021000
1 166   0.313468115000
1 167   0.319459761000
1 168   0.320214471000
1 169   0.321037297000
1 170   0.327172571000
1 171   0.332821632000
1 172   0.332885067000
1 173   0.334751414000
1 174   0.335261389000
1 175   0.336939005000
1 176   0.341295478000
1 177   0.341399951000
1 178   0.346770660000
1 179   0.347944434000
1 180   0.349780445000
1 181   0.351279133000
1 182   0.351533879000
1 183   0.351995914000
1 184   0.354395030000
1 185   0.354589517000
1 186   0.357216178000
1 187   0.357347771000
1 188   0.357831739000
1 189   0.358562345000
1 190   0.359118397000
1 191   0.360227422000
1 192   0.365089671000
1 193   0.365374016000
1 194   0.367576844000
1 195   0.368196239000
1 196   0.370302917000
1 197   0.370834123000
1 198   0.371866955000
1 199   0.378795166000
1 200   0.379862463000
1 201   0.382380631000
1 202   0.382479790000
1 203   0.383588329000
1 204   0.384953229000
1 205   0.386688033000
1 206   0.386987908000
1 207   0.391366623000
1 208   0.391540766000
1 209   0.394066584000
1 210   0.394630567000
1 211   0.398754014000
1 212   0.403554858000
1 213   0.405822999000
1 214   0.407930385000
1 215   0.408256195000
1 216   0.411863601000
1 217   0.418470695000
1 218   0.423238215000
1 219   0.424392347000
1 220   0.425535785000
1 221   0.425991629000
1 222   0.434324679000
1 223   0.437474267000
1 224   0.440002501000
1 225   0.440932232000
1 226   0.443748148000
1 227   0.445104370000
1 228   0.446263197000
1 229   0.447490890000
1 230   0.448560133000
1 231   0.449122804000
1 232   0.450534805000
1 233   0.450823712000
1 234   0.451679996000
1 235   0.451722003000
1 236   0.454773466000
1 237   0.458540413000
1 238   0.460788175000
1 239   0.462544895000
1 240   0.462602661000
1 241   0.465668117000
1 242   0.466959398000
1 243   0.468215268000
1 244   0.468650890000
1 245   0.471214392000
1 246   0.471247450000
1 247   0.472904065000
1 248   0.473127568000
1 249   0.473272771000
1 250   0.473446340000
1 251   0.477716304000
1 252   0.479883052000
1 253   0.480308801000
1 254   0.483690023000
1 255   0.486237606000
1 256   0.486265978000
1 257   0.486669046000
1 258   0.487557757000
1 259   0.488552467000
1 260   0.489875872000
1 261   0.492177209000
1 262   0.493348899000
1 263   0.493366772000
1 264   0.494942114000
1 265   0.498936673000
1 266   0.498973758000
1 267   0.499688080000
1 268   0.500840438000
1 269   0.508462967000
1 270   0.509761560000
1 271   0.513636684000
1 272   0.513718903000
1 273   0.515167354000
1 274   0.519226124000
1 275   0.519934449000
1 276   0.521649125000
1 277   0.521788940000
1 278   0.523785476000
1 279   0.524105295000
1 280   0.527301739000
1 281   0.531575574000
1 282   0.534827900000
1 283   0.537254153000
1 284   0.539795967000
1 285   0.540494303000
1 286   0.541535308000
1 287   0.541728240000
1 288   0.544246836000
1 289   0.544566381000
1 290   0.546206770000
1 291   0.549488990000
1 292   0.551812150000
1 293   0.555321204000
1 294   0.557195251000
1 295   0.558655740000
1 296   0.558907023000
1 297   0.561193067000
1 298   0.565725861000
1 299   0.567193588000
1 300   0.570554111000
1 301   0.572491400000
1 302   0.572534232000
1 303   0.573518690000
1 304   0.577029214000
1 305   0.583167442000
1 306   0.584452731000
1 307   0.585942753000
1 308   0.588035586000
1 309   0.592449123000
1 310   0.593391987000
1 311   0.595704667000
1 312   0.595891796000
1 313   0.598302852000
1 314   0.602244941000
1 315   0.602613059000
1 316   0.603736500000
1 317   0.604853642000
1 318   0.607820380000
1 319   0.610311026000
1 320   0.613703580000
1 321   0.620799023000
1 322   0.622357493000
1 323   0.630365702000
1 324   0.631213250000
1 325   0.632334522000
1 326   0.632630754000
1 327   0.633502869000
1 328   0.639079703000
1 329   0.639799505000
1 330   0.642521868000
1 331   0.644035585000
1 332   0.645185431000
1 333   0.646348312000
1 334   0.648723314000
1 335   0.650916224000
1 336   0.651551942000
1 337   0.655639516000
1 338   0.659016474000
1 339   0.663695621000
1 340   0.664906834000
1 341   0.666510716000
1 342   0.666931495000
1 343   0.672512792000
1 344   0.672774628000
1 345   0.673233791000
1 346   0.678174366000
1 347   0.680107547000
1 348   0.681737690000
1 349   0.682457077000
1 350   0.683387489000
1 351   0.686035782000
1 352   0.686106624000
1 353   0.687194253000
1 354   0.693882111000
1 355   0.693944839000
1 356   0.695812874000
1 357   0.696131846000
1 358   0.697153893000
1 359   0.709247024000
1 360   0.716092015000
1 361   0.716358144000
1 362   0.730034026000
1 363   0.730430725000
1 364   0.730703535000
1 365   0.731312912000
1 366   0.733589256000
1 367   0.737617832000
1 368   0.742234422000
1 369   0.744825965000
1 370   0.745040251000
1 371   0.746267201000
1 372   0.749777555000
1 373   0.750823951000
1 374   0.751024328000
1 375   0.753941506000
1 376   0.757150880000
1 377   0.758115627000
1 378   0.759124061000
1 379   0.766010826000
1 380   0.770032544000
1 381   0.771156447000
1 382   0.774917084000
1 383   0.778937673000
1 384   0.781987030000
1 385   0.785351948000
1 386   0.788357084000
1 387   0.790404358000
1 388   0.791151186000
1 389   0.792984548000
1 390   0.793020117000
1 391   0.793958992000
1 392   0.795005792000
1 393   0.797836265000
1 394   0.797869945000
1 395   0.797979334000
1 396   0.798434567000
1 397   0.801415103000
1 398   0.803092653000
1 399   0.803904202000
1 400   0.805209689000
1 401   0.805820699000
1 402   0.805881127000
1 403   0.806994587000
1 404   0.810470938000
1 405   0.817039415000
1 406   0.822473531000
1 407   0.826592610000
1 408   0.827920470000
1 409   0.829020674000
1 410   0.830127461000
1 411   0.830856228000
1 412   0.833286027000
1 413   0.834788825000
1 414   0.836457163000
1 415   0.837222750000
1 416   0.840135322000
1 417   0.848552052000
1 418   0.850328475000
1 419   0.851400347000
1 420   0.851481929000
1 421   0.852762345000
1 422   0.859721911000
1 423   0.863078621000
1 424   0.869986174000
1 425   0.876323728000
1 426   0.877238443000
1 427   0.878101657000
1 428   0.878232226000
1 429   0.878753638000
1 430   0.881797047000
1 431   0.881826830000
1 432   0.886358943000
1 433   0.890320870000
1 434   0.890914055000
1 435   0.891487586000
1 436   0.893755353000
1 437   0.898098713000
1 438   0.898150809000
1 439   0.898829977000
1 440   0.899428822000
1 441   0.903138873000
1 442   0.904905954000
1 443   0.904958861000
1 444   0.907987245000
1 445   0.911319282000
1 446   0.912825092000
1 447   0.922437029000
1 448   0.927702026000
1 449   0.933429316000
1 450   0.934041009000
1 451   0.934673898000
1 452   0.940407635000
1 453   0.943411995000
1 454   0.944421517000
1 455   0.945029266000
1 456   0.946599514000
1 457   0.950836005000
1 458   0.952613739000
1 459   0.953838869000
1 460   0.956030301000
1 461   0.960799006000
1 462   0.962909836000
1 463   0.965296827000
1 464   0.965631275000
1 465   0.966954780000
1 466   0.969867587000
1 467   0.971158061000
1 468   0.971199191000
1 469   0.972187264000
1 470   0.973816834000
1 471   0.974131990000
1 472   0.981344067000
1 473   0.981863592000
1 474   0.982423715000
1 475   0.982675799000
1 476   0.983510160000
1 477   0.991640812000
1 478   0.993441817000
1 479   0.998391336000
1 480   0.999668291000
2 1   0.008413328700
2 2   0.010073511900
2 3   0.011983038800
2 4   0.014338726300
2 5   0.015468902400
2 6   0.017395445000
2 7   0.021516557900
2 8   0.022226304500
2 9   0.023648434800
2 10   0.023717037900
2 11   0.024843480700
2 12   0.027765863100
2 13   0.028360913700
2 14   0.028472484800
2 15   0.030080968300
2 16   0.033244233300
2 17   0.046186531400
2 18   0.047727129600
2 19   0.048507375000
2 20   0.049212851800
2 21   0.049471987300
2 22   0.050309505900
2 23   0.055438031700
2 24   0.058049116900
2 25   0.058215628500
2 26   0.059680686500
2 27   0.060428019800
2 28   0.062943618700
2 29   0.063429243800
2 30   0.063940496300
2 31   0.066049746400
2 32   0.068657748900
2 33   0.071905128300
2 34   0.072765338500
2 35   0.083921495500
2 36   0.084909883300
2 37   0.088465441100
2 38   0.093030109900
2 39   0.098016281100
2 40   0.099028289100
2 41   0.103774505000
2 42   0.105986173000
2 43   0.106116943000
2 44   0.106167309000
2 45   0.106337397000
2 46   0.110030996000
2 47   0.114378790000
2 48   0.115257932000
2 49   0.120574392000
2 50   0.122716438000
2 51   0.128008467000
2 52   0.130648679000
2 53   0.133073307000
2 54   0.133433510000
2 55   0.134071836000
2 56   0.137070919000
2 57   0.141922210000
2 58   0.143923198000
2 59   0.144959988000
2 60   0.145064840000
2 61   0.145217467000
2 62   0.147184435000
2 63   0.149189913000
2 64   0.149202205000
2 65   0.151552872000
2 66   0.154107842000
2 67   0.154592880000
2 68   0.154641960000
2 69   0.154773756000
2 70   0.155809194000
2 71   0.157740479000
2 72   0.160503638000
2 73   0.160887616000
2 74   0.163840881000
2 75   0.166583075000
2 76   0.169056246000
2 77   0.169197029000
2 78   0.169214781000
2 79   0.170095929000
2 80   0.170326299000
2 81   0.171611015000
2 82   0.176017555000
2 83   0.177545460000
2 84   0.177952896000
2 85   0.181888914000
2 86   0.182487487000
2 87   0.185318926000
2 88   0.186477820000
2 89   0.188381942000
2 90   0.195974233000
2 91   0.197451482000
2 92   0.198543194000
2 93   0.199462819000
2 94   0.200204705000
2 95   0.201532510000
2 96   0.202951084000
2 97   0.203209286000
2 98   0.210061719000
2 99   0.213077614000
2 100   0.213427565000
2 101   0.217716237000
2 102   0.219430586000
2 103   0.222080869000
2 104   0.222508046000
2 105   0.222828748000
2 106   0.225056883000
2 107   0.226405505000
2 108   0.226885851000
2 109   0.234225632000
2 110   0.234839990000
2 111   0.240797268000
2 112   0.243809334000
2 113   0.246210109000
2 114   0.247615557000
2 115   0.248078177000
2 116   0.248392376000
2 117   0.250039562000
2 118   0.250129354000
2 119   0.252119439000
2 120   0.252923382000
2 121   0.253899466000
2 122   0.255445128000
2 123   0.257921396000
2 124   0.259219580000
2 125   0.261952898000
2 126   0.262731839000
2 127   0.264409748000
2 128   0.265690773000
2 129   0.267415873000
2 130   0.267959875000
2 131   0.269570544000
2 132   0.275584776000
2 133   0.275610523000
2 134   0.277372235000
2 135   0.278471086000
2 136   0.278723834000
2 137   0.285996365000
2 138   0.288168332000
2 139   0.290907745000
2 140   0.296982911000
2 141   0.297943169000
2 142   0.300292586000
2 143   0.303820681000
2 144   0.307043886000
2 145   0.308673435000
2 146   0.310571540000
2 147   0.312537691000
2 148   0.315114613000
2 149   0.318970319000
2 150   0.320200313000
2 151   0.320207177000
2 152   0.323647744000
2 153   0.324138002000
2 154   0.324922817000
2 155   0.325048842000
2 156   0.330306278000
2 157   0.332088763000
2 158   0.332209207000
2 159   0.333471584000
2 160   0.335490768000
2 161   0.335691391000
2 162   0.335756528000
2 163   0.335781075000
2 164   0.339324506000
2 165   0.341657506000
2 166   0.343883053000
2 167   0.345178660000
2 168   0.345265439000
2 169   0.347162168000
2 170   0.348326395000
2 171   0.350711555000
2 172   0.350795458000
2 173   0.354502019000
2 174   0.355826529000
2 175   0.356094320000
2 176   0.359636862000
2 177   0.360335784000
2 178   0.360829277000
2 179   0.361619916000
2 180   0.362542133000
2 181   0.363783826000
2 182   0.364848082000
2 183   0.364995667000
2 184   0.366705670000
2 185   0.367593186000
2 186   0.370213489000
2 187   0.370858584000
2 188   0.374490284000
2 189   0.374918902000
2 190   0.376452494000
2 191   0.376501856000
2 192   0.377111182000
2 193   0.377244429000
2 194   0.377494065000
2 195   0.377623218000
2 196   0.381155075000
2 197   0.384307313000
2 198   0.385009194000
2 199   0.387342482000
2 200   0.387581419000
2 201   0.390260169000
2 202   0.390661250000
2 203   0.390667256000
2 204   0.394974902000
2 205   0.395978483000
2 206   0.403099425000
2 207   0.405880622000
2 208   0.406205478000
2 209   0.409701333000
2 210   0.410869166000
2 211   0.411854006000
2 212   0.412055877000
2 213   0.412438385000
2 214   0.412497323000
2 215   0.413135719000
2 216   0.415398084000
2 217   0.415571621000
2 218   0.418573841000
2 219   0.419777176000
2 220   0.419787298000
2 221   0.423564005000
2 222   0.426407100000
2 223   0.427600783000
2 224   0.429439650000
2 225   0.431847234000
2 226   0.434264155000
2 227   0.435565229000
2 228   0.436144915000
2 229   0.436225146000
2 230   0.436516301000
2 231   0.440538760000
2 232   0.444970914000
2 233   0.445657917000
2 234   0.446823851000
2 235   0.447135852000
2 236   0.448825317000
2 237   0.449472472000
2 238   0.450542143000
2 239   0.453589391000
2 240   0.453734412000
2 241   0.456379646000
2 242   0.457464865000
2 243   0.459565383000
2 244   0.460022084000
2 245   0.461539041000
2 246   0.464722990000
2 247   0.466066990000
2 248   0.466534623000
2 249   0.470123793000
2 250   0.471144863000
2 251   0.473059964000
2 252   0.473838224000
2 253   0.475757057000
2 254   0.476432860000
2 255   0.479982712000
2 256   0.486753188000
2 257   0.487032412000
2 258   0.487307694000
2 259   0.487967964000
2 260   0.491539688000
2 261   0.498341440000
2 262   0.499126707000
2 263   0.500355933000
2 264   0.500996281000
2 265   0.502115585000
2 266   0.502247209000
2 267   0.502563282000
2 268   0.506449402000
2 269   0.506457406000
2 270   0.514349538000
2 271   0.514428507000
2 272   0.515645021000
2 273   0.515864314000
2 274   0.517394287000
2 275   0.518827056000
2 276   0.519282055000
2 277   0.522629833000
2 278   0.528261419000
2 279   0.528531375000
2 280   0.528703881000
2 281   0.528804162000
2 282   0.531025642000
2 283   0.531379052000
2 284   0.534753759000
2 285   0.535578284000
2 286   0.535799091000
2 287   0.538319971000
2 288   0.540750717000
2 289   0.540924002000
2 290   0.541173033000
2 291   0.541383306000
2 292   0.541689117000
2 293   0.543690083000
2 294   0.545199582000
2 295   0.546555401000
2 296   0.546830774000
2 297   0.548452855000
2 298   0.548478703000
2 299   0.548549424000
2 300   0.551178977000
2 301   0.552797469000
2 302   0.553458770000
2 303   0.555201130000
2 304   0.557376058000
2 305   0.557856060000
2 306   0.558555216000
2 307   0.558902163000
2 308   0.561127966000
2 309   0.561216028000
2 310   0.562340890000
2 311   0.565007894000
2 312   0.568510805000
2 313   0.568645531000
2 314   0.569935787000
2 315   0.571027620000
2 316   0.571539752000
2 317   0.572270127000
2 318   0.575418858000
2 319   0.579671684000
2 320   0.580649930000
2 321   0.582664627000
2 322   0.583385551000
2 323   0.586592402000
2 324   0.587137860000
2 325   0.589226111000
2 326   0.594043699000
2 327   0.594057067000
2 328   0.594260160000
2 329   0.595083745000
2 330   0.595600592000
2 331   0.598866718000
2 332   0.599944651000
2 333   0.600259872000
2 334   0.602864290000
2 335   0.603647275000
2 336   0.604222907000
2 337   0.604227716000
2 338   0.609767893000
2 339   0.616513051000
2 340   0.619991824000
2 341   0.620240455000
2 342   0.621342045000
2 343   0.623474236000
2 344   0.625247449000
2 345   0.625788016000
2 346   0.630306938000
2 347   0.630850025000
2 348   0.637326370000
2 349   0.637758507000
2 350   0.637965717000
2 351   0.638429180000
2 352   0.640256577000
2 353   0.641596659000
2 354   0.642604885000
2 355   0.643680167000
2 356   0.644907183000
2 357   0.644934959000
2 358   0.646172068000
2 359   0.646766457000
2 360   0.647938055000
2 361   0.650529973000
2 362   0.651809254000
2 363   0.651997307000
2 364   0.654130308000
2 365   0.657088551000
2 366   0.659031210000
2 367   0.661094891000
2 368   0.661493380000
2 369   0.663029945000
2 370   0.664451905000
2 371   0.666771344000
2 372   0.668290191000
2 373   0.668368020000
2 374   0.670296762000
2 375   0.671845244000
2 376   0.675139256000
2 377   0.676945375000
2 378   0.678399167000
2 379   0.678689750000
2 380   0.681204880000
2 381   0.682772087000
2 382   0.685938257000
2 383   0.686180721000
2 384   0.691469262000
2 385   0.692903589000
2 386   0.692976749000
2 387   0.693026042000
2 388   0.693627600000
2 389   0.693726712000
2 390   0.694910906000
2 391   0.695023315000
2 392   0.696089292000
2 393   0.696177285000
2 394   0.696888021000
2 395   0.697145319000
2 396   0.697430688000
2 397   0.698653239000
2 398   0.699102389000
2 399   0.700536670000
2 400   0.701341327000
2 401   0.701710182000
2 402   0.707016633000
2 403   0.707683214000
2 404   0.707698573000
2 405   0.710628301000
2 406   0.711960852000
2 407   0.712635288000
2 408   0.713279439000
2 409   0.717720166000
2 410   0.720507965000
2 411   0.722586303000
2 412   0.723412376000
2 413   0.724945002000
2 414   0.725617176000
2 415   0.726618216000
2 416   0.726649502000
2 417   0.727796382000
2 418   0.728341053000
2 419   0.730770842000
2 420   0.733357342000
2 421   0.734412077000
2 422   0.735105696000
2 423   0.735645638000
2 424   0.737409377000
2 425   0.740209792000
2 426   0.740534264000
2 427   0.742946287000
2 428   0.747066277000
2 429   0.750232248000
2 430   0.750739299000
2 431   0.753059039000
2 432   0.758553244000
2 433   0.760062093000
2 434   0.763025008000
2 435   0.763056094000
2 436   0.767148443000
2 437   0.768307618000
2 438   0.769034784000
2 439   0.769776820000
2 440   0.770430056000
2 441   0.771558410000
2 442   0.771637376000
2 443   0.773661015000
2 444   0.779269125000
2 445   0.779472546000
2 446   0.779770150000
2 447   0.780490891000
2 448   0.782541645000
2 449   0.784851066000
2 450   0.785425296000
2 451   0.785797164000
2 452   0.786404888000
2 453   0.788182421000
2 454   0.788661914000
2 455   0.795447004000
2 456   0.795640876000
2 457   0.795706711000
2 458   0.796456414000
2 459   0.796818456000
2 460   0.799357954000
2 461   0.800077664000
2 462   0.806270360000
2 463   0.806658228000
2 464   0.808828949000
2 465   0.812097382000
2 466   0.812320487000
2 467   0.812769514000
2 468   0.813372463000
2 469   0.813802232000
2 470   0.817992391000
2 471   0.820142377000
2 472   0.821038087000
2 473   0.824978986000
2 474   0.827235178000
2 475   0.829997681000
2 476   0.833370221000
2 477   0.839074048000
2 478   0.844159549000
2 479   0.847506117000
2 480   0.849153742000
2 481   0.851481158000
2 482   0.851671684000
2 483   0.852721400000
2 484   0.853747415000
2 485   0.854762207000
2 486   0.859320959000
2 487   0.863291765000
2 488   0.866288306000
2 489   0.869445596000
2 490   0.871211504000
2 491   0.871250847000
2 492   0.872374376000
2 493   0.880186845000
2 494   0.884917891000
2 495   0.885552855000
2 496   0.887285441000
2 497   0.887522601000
2 498   0.894963049000
2 499   0.896619588000
2 500   0.897137553000
2 501   0.898369262000
2 502   0.903050119000
2 503   0.905416905000
2 504   0.909173142000
2 505   0.911408179000
2 506   0.913199206000
2 507   0.914275384000
2 508   0.914517914000
2 509   0.915864014000
2 510   0.928807767000
2 511   0.930694123000
2 512   0.936157339000
2 513   0.936178009000
2 514   0.937076229000
2 515   0.937142360000
2 516   0.940435018000
2 517   0.944599030000
2 518   0.945713061000
2 519   0.946892943000
2 520   0.949549038000
2 521   0.952238818000
2 522   0.952796129000
2 523   0.953717524000
2 524   0.955554610000
2 525   0.956051107000
2 526   0.956051756000
2 527   0.963571072000
2 528   0.963836586000
2 529   0.974875790000
2 530   0.975228356000
2 531   0.975326714000
2 532   0.975340382000
2 533   0.987411327000
2 534   0.987717256000
2 535   0.988328547000
2 536   0.990272312000
2 537   0.991532274000
2 538   0.992967509000
2 539   0.995179448000
2 540   0.999961493000
3 1   0.003851589500
3 2   0.007389574200
3 3   0.008048980400
3 4   0.008502944300
3 5   0.015635222500
3 6   0.017435483700
3 7   0.017600011100
3 8   0.017687665000
3 9   0.017850471300
3 10   0.018560084100
3 11   0.018679304400
3 12   0.028262680800
3 13   0.030728682700
3 14   0.032903021500
3 15   0.034137871100
3 16   0.034295188500
3 17   0.037855911800
3 18   0.041236336100
3 19   0.042903051000
3 20   0.043085044000
3 21   0.043475839300
3 22   0.043676105500
3 23   0.043879059500
3 24   0.046454897100
3 25   0.048001546500
3 26   0.051930473300
3 27   0.053588843900
3 28   0.054501176500
3 29   0.055064706900
3 30   0.057441766200
3 31   0.058007602500
3 32   0.060686207600
3 33   0.064435498600
3 34   0.065380791900
3 35   0.065490252300
3 36   0.069505495100
3 37   0.070709021700
3 38   0.070803682200
3 39   0.077312153400
3 40   0.078954020000
3 41   0.087362399800
3 42   0.101989140000
3 43   0.102670040000
3 44   0.103142375000
3 45   0.111505571000
3 46   0.113149958000
3 47   0.114585916000
3 48   0.118321865000
3 49   0.118348113000
3 50   0.118494865000
3 51   0.125013491000
3 52   0.127729073000
3 53   0.137397572000
3 54   0.137802808000
3 55   0.140816417000
3 56   0.141015175000
3 57   0.143029681000
3 58   0.146141410000
3 59   0.146487684000
3 60   0.148108964000
3 61   0.148574495000
3 62   0.149291065000
3 63   0.151190110000
3 64   0.153359204000
3 65   0.153388727000
3 66   0.155712965000
3 67   0.158278928000
3 68   0.159475203000
3 69   0.167540671000
3 70   0.167886080000
3 71   0.169174786000
3 72   0.170636011000
3 73   0.170918209000
3 74   0.171540295000
3 75   0.175456880000
3 76   0.177623178000
3 77   0.178579861000
3 78   0.179262948000
3 79   0.189887423000
3 80   0.194158051000
3 81   0.200831572000
3 82   0.203842788000
3 83   0.205404322000
3 84   0.213405425000
3 85   0.214313938000
3 86   0.214456843000
3 87   0.215255759000
3 88   0.220180155000
3 89   0.221354026000
3 90   0.224895711000
3 91   0.226013955000
3 92   0.226796858000
3 93   0.229014676000
3 94   0.231356975000
3 95   0.233274892000
3 96   0.233931153000
3 97   0.236528550000
3 98   0.236607126000
3 99   0.238407901000
3 100   0.239589174000
3 101   0.242199665000
3 102   0.243159004000
3 103   0.243498563000
3 104   0.245835310000
3 105   0.248251191000
3 106   0.251094323000
3 107   0.253925441000
3 108   0.254039485000
3 109   0.254127576000
3 110   0.255050432000
3 111   0.255391073000
3 112   0.256695748000
3 113   0.262853535000
3 114   0.264775420000
3 115   0.265192876000
3 116   0.266587509000
3 117   0.266997843000
3 118   0.267306306000
3 119   0.267910767000
3 120   0.267950934000
3 121   0.268952167000
3 122   0.269514835000
3 123   0.272982833000
3 124   0.275082382000
3 125   0.275091122000
3 126   0.275773161000
3 127   0.277916426000
3 128   0.278385118000
3 129   0.285878639000
3 130   0.288503936000
3 131   0.290178765000
3 132   0.291300820000
3 133   0.291987862000
3 134   0.294099874000
3 135   0.294449787000
3 136   0.294817153000
3 137   0.295508018000
3 138   0.297891088000
3 139   0.298276913000
3 140   0.298426716000
3 141   0.298626864000
3 142   0.298729918000
3 143   0.299674367000
3 144   0.301191728000
3 145   0.303082681000
3 146   0.305528379000
3 147   0.307287635000
3 148   0.308242223000
3 149   0.310638324000
3 150   0.310688288000
3 151   0.318400226000
3 152   0.320981112000
3 153   0.321686972000
3 154   0.321711825000
3 155   0.322154298000
3 156   0.323160643000
3 157   0.323235253000
3 158   0.323535908000
3 159   0.324063624000
3 160   0.326967454000
3 161   0.327937641000
3 162   0.329043204000
3 163   0.330088383000
3 164   0.330143259000
3 165   0.333603788000
3 166   0.340059402000
3 167   0.340105803000
3 168   0.345280965000
3 169   0.347637616000
3 170   0.347992987000
3 171   0.349012101000
3 172   0.350958678000
3 173   0.352895762000
3 174   0.361466847000
3 175   0.361744686000
3 176   0.362866695000
3 177   0.368114181000
3 178   0.373977319000
3 179   0.375572395000
3 180   0.376507993000
3 181   0.377654700000
3 182   0.380761008000
3 183   0.381259772000
3 184   0.386323650000
3 185   0.388310392000
3 186   0.394483444000
3 187   0.399500026000
3 188   0.401240960000
3 189   0.408291374000
3 190   0.408661090000
3 191   0.410848392000
3 192   0.416300787000
3 193   0.417752222000
3 194   0.418510778000
3 195   0.419187066000
3 196   0.421037808000
3 197   0.422738142000
3 198   0.423579847000
3 199   0.424174083000
3 200   0.426299540000
3 201   0.426691977000
3 202   0.427611597000
3 203   0.430445897000
3 204   0.437216207000
3 205   0.437382471000
3 206   0.442273671000
3 207   0.445751350000
3 208   0.448319181000
3 209   0.450726572000
3 210   0.452682899000
3 211   0.454400654000
3 212   0.455155110000
3 213   0.456282017000
3 214   0.460600887000
3 215   0.463714168000
3 216   0.466566653000
3 217   0.467464471000
3 218   0.468253414000
3 219   0.475576445000
3 220   0.481184169000
3 221   0.485577816000
3 222   0.489922687000
3 223   0.493029672000
3 224   0.493046515000
3 225   0.494677080000
3 226   0.496570329000
3 227   0.504989590000
3 228   0.512571897000
3 229   0.521781218000
3 230   0.524784535000
3 231   0.525465674000
3 232   0.528555884000
3 233   0.529074099000
3 234   0.529422317000
3 235   0.531234141000
3 236   0.532032331000
3 237   0.533384526000
3 238   0.533849076000
3 239   0.535173008000
3 240   0.539697911000
3 241   0.546894822000
3 242   0.549845453000
3 243   0.550153975000
3 244   0.551881674000
3 245   0.557180992000
3 246   0.558878736000
3 247   0.561372176000
3 248   0.565075833000
3 249   0.568173133000
3 250   0.568601344000
3 251   0.571408689000
3 252   0.578319511000
3 253   0.580397690000
3 254   0.581838497000
3 255   0.583692970000
3 256   0.584230256000
3 257   0.584553700000
3 258   0.584565884000
3 259   0.587254702000
3 260   0.590979127000
3 261   0.591649901000
3 262   0.593152040000
3 263   0.593642230000
3 264   0.594237689000
3 265   0.595754019000
3 266   0.596048973000
3 267   0.602402606000
3 268   0.610726927000
3 269   0.617050287000
3 270   0.618141508000
3 271   0.619068146000
3 272   0.621100838000
3 273   0.621392350000
3 274   0.623047551000
3 275   0.624473086000
3 276   0.624938309000
3 277   0.627117263000
3 278   0.627667626000
3 279   0.629349834000
3 280   0.630010235000
3 281   0.632045230000
3 282   0.635828003000
3 283   0.636925579000
3 284   0.641328175000
3 285   0.649760633000
3 286   0.651861800000
3 287   0.653834563000
3 288   0.655199820000
3 289   0.660751500000
3 290   0.661916869000
3 291   0.661924595000
3 292   0.663153857000
3 293   0.664497295000
3 294   0.666042611000
3 295   0.667161774000
3 296   0.667793998000
3 297   0.668454511000
3 298   0.672124628000
3 299   0.679538429000
3 300   0.681616452000
3 301   0.682657387000
3 302   0.684147398000
3 303   0.684184697000
3 304   0.686870702000
3 305   0.687171084000
3 306   0.690001538000
3 307   0.693303206000
3 308   0.696754323000
3 309   0.697385738000
3 310   0.698756120000
3 311   0.701746405000
3 312   0.701863671000
3 313   0.701937192000
3 314   0.704253859000
3 315   0.708206588000
3 316   0.711294155000
3 317   0.715253951000
3 318   0.716796771000
3 319   0.717577675000
3 320   0.720192474000
3 321   0.721474400000
3 322   0.723279126000
3 323   0.723928822000
3 324   0.727162567000
3 325   0.729187762000
3 326   0.729410368000
3 327   0.740728842000
3 328   0.740803635000
3 329   0.741052017000
3 330   0.741651783000
3 331   0.745078132000
3 332   0.752879937000
3 333   0.753216807000
3 334   0.754873990000
3 335   0.755132810000
3 336   0.755795790000
3 337   0.757432732000
3 338   0.759386636000
3 339   0.766277298000
3 340   0.767142157000
3 341   0.768874775000
3 342   0.773278630000
3 343   0.774451658000
3 344   0.775199034000
3 345   0.775787832000
3 346   0.776002245000
3 347   0.776483461000
3 348   0.777432200000
3 349   0.779408880000
3 350   0.782004580000
3 351   0.784546825000
3 352   0.785833064000
3 353   0.788132047000
3 354   0.788502696000
3 355   0.790193504000
3 356   0.793437301000
3 357   0.797011580000
3 358   0.797373311000
3 359   0.801464017000
3 360   0.801951871000
3 361   0.802922801000
3 362   0.803627036000
3 363   0.806327744000
3 364   0.806938750000
3 365   0.809244397000
3 366   0.809559781000
3 367   0.809656212000
3 368   0.810920144000
3 369   0.812276226000
3 370   0.815906880000
3 371   0.818502537000
3 372   0.820561325000
3 373   0.820631375000
3 374   0.821312152000
3 375   0.821544900000
3 376   0.821935470000
3 377   0.824711459000
3 378   0.824932805000
3 379   0.829195296000
3 380   0.829358169000
3 381   0.830043133000
3 382   0.832003394000
3 383   0.832973554000
3 384   0.840089047000
3 385   0.841500245000
3 386   0.841720226000
3 387   0.843797160000
3 388   0.843892574000
3 389   0.844175632000
3 390   0.848099811000
3 391   0.852360231000
3 392   0.852854493000
3 393   0.853256342000
3 394   0.855549894000
3 395   0.856256526000
3 396   0.856534955000
3 397   0.860402387000
3 398   0.864118784000
3 399   0.864780453000
3 400   0.865292115000
3 401   0.868076315000
3 402   0.870325520000
3 403   0.874440429000
3 404   0.874748258000
3 405   0.878035286000
3 406   0.882844705000
3 407   0.882930891000
3 408   0.887255580000
3 409   0.888933249000
3 410   0.890647199000
3 411   0.891529389000
3 412   0.892376648000
3 413   0.895165687000
3 414   0.897805932000
3 415   0.898635341000
3 416   0.899339315000
3 417   0.899360417000
3 418   0.899468865000
3 419   0.899654663000
3 420   0.901663665000
3 421   0.902946797000
3 422   0.902992922000
3 423   0.903824733000
3 424   0.905260563000
3 425   0.906206009000
3 426   0.907634286000
3 427   0.908141272000
3 428   0.908785497000
3 429   0.909238388000
3 430   0.911614231000
3 431   0.912099157000
3 432   0.913046254000
3 433   0.915175894000
3 434   0.917636743000
3 435   0.920293218000
3 436   0.923239677000
3 437   0.925688833000
3 438   0.932497489000
3 439   0.932735870000
3 440   0.935753616000
3 441   0.937297894000
3 442   0.940941435000
3 443   0.941720425000
3 444   0.946956323000
3 445   0.949377790000
3 446   0.951336621000
3 447   0.952298554000
3 448   0.953291515000
3 449   0.955522060000
3 450   0.955764894000
3 451   0.956810644000
3 452   0.957105289000
3 453   0.958718403000
3 454   0.961757881000
3 455   0.962180881000
3 456   0.962832582000
3 457   0.962902206000
3 458   0.963106212000
3 459   0.964343948000
3 460   0.964972732000
3 461   0.965876824000
3 462   0.966642311000
3 463   0.968683376000
3 464   0.969337534000
3 465   0.972812218000
3 466   0.972895366000
3 467   0.976640598000
3 468   0.977033047000
3 469   0.978041054000
3 470   0.978373500000
3 471   0.981589411000
3 472   0.983527133000
3 473   0.985585906000
3 474   0.986802721000
3 475   0.987648422000
3 476   0.991829724000
3 477   0.993043223000
3 478   0.993788218000
3 479   0.995063202000
3 480   0.997884259000
