               SnpId             ChromId     SnpSeqIdOnChrom             SnpFreq   SnpPhysicalPosOnChrom
                   1                   1                   6        0.4500000000        0.0113405474
                   2                   1                   8        0.3250000000        0.0141931527
                   3                   1                   9        0.4750000000        0.0145548259
                   4                   1                  15        0.4250000000        0.0209180572
                   5                   1                  18        0.0500000000        0.0246795651
                   6                   1                  20        0.0750000000        0.0262391690
                   7                   1                  21        0.0750000000        0.0262986998
                   8                   1                  23        0.0500000000        0.0275361803
                   9                   1                  26        0.1750000000        0.0289316458
                  10                   1                  31        0.1250000000        0.0330188698
                  11                   1                  33        0.2250000000        0.0480697344
                  12                   1                  35        0.2750000000        0.0541367984
                  13                   1                  40        0.4750000000        0.0680725505
                  14                   1                  50        0.2000000000        0.1038354290
                  15                   1                  54        0.1000000000        0.1065325790
                  16                   1                  62        0.0500000000        0.1201725300
                  17                   1                  69        0.1000000000        0.1277338230
                  18                   1                  70        0.2500000000        0.1282928030
                  19                   1                  71        0.4750000000        0.1287447410
                  20                   1                  73        0.3250000000        0.1352989060
                  21                   1                  75        0.4000000000        0.1360246580
                  22                   1                  77        0.4000000000        0.1384949940
                  23                   1                  78        0.2000000000        0.1426639390
                  24                   1                  79        0.2000000000        0.1427354250
                  25                   1                  85        0.3250000000        0.1592194240
                  26                   1                  92        0.3750000000        0.1717988060
                  27                   1                  98        0.1750000000        0.1927675400
                  28                   1                 101        0.4500000000        0.1985886890
                  29                   1                 103        0.2000000000        0.1998307910
                  30                   1                 105        0.0750000000        0.2037620430
                  31                   1                 106        0.1250000000        0.2065692370
                  32                   1                 108        0.4750000000        0.2113309980
                  33                   1                 116        0.0500000000        0.2277444340
                  34                   1                 123        0.4000000000        0.2342972820
                  35                   1                 130        0.0500000000        0.2488850310
                  36                   1                 132        0.1000000000        0.2520809110
                  37                   1                 138        0.0750000000        0.2683884050
                  38                   1                 144        0.3250000000        0.2767551490
                  39                   1                 147        0.1000000000        0.2820627690
                  40                   1                 158        0.1250000000        0.2945012920
                  41                   1                 165        0.0750000000        0.3130820210
                  42                   1                 166        0.2000000000        0.3134681150
                  43                   1                 168        0.0750000000        0.3202144710
                  44                   1                 177        0.0500000000        0.3413999510
                  45                   1                 184        0.4000000000        0.3543950300
                  46                   1                 185        0.2750000000        0.3545895170
                  47                   1                 190        0.0750000000        0.3591183970
                  48                   1                 191        0.0500000000        0.3602274220
                  49                   1                 197        0.2250000000        0.3708341230
                  50                   1                 201        0.1750000000        0.3823806310
                  51                   1                 208        0.1500000000        0.3915407660
                  52                   1                 209        0.1500000000        0.3940665840
                  53                   1                 211        0.3250000000        0.3987540140
                  54                   1                 212        0.0500000000        0.4035548580
                  55                   1                 214        0.0500000000        0.4079303850
                  56                   1                 220        0.4250000000        0.4255357850
                  57                   1                 224        0.1000000000        0.4400025010
                  58                   1                 235        0.3750000000        0.4517220030
                  59                   1                 238        0.1750000000        0.4607881750
                  60                   1                 239        0.3250000000        0.4625448950
                  61                   1                 241        0.3500000000        0.4656681170
                  62                   1                 249        0.2250000000        0.4732727710
                  63                   1                 262        0.2250000000        0.4933488990
                  64                   1                 266        0.0500000000        0.4989737580
                  65                   1                 268        0.3750000000        0.5008404380
                  66                   1                 283        0.2250000000        0.5372541530
                  67                   1                 287        0.0750000000        0.5417282400
                  68                   1                 288        0.2250000000        0.5442468360
                  69                   1                 296        0.3250000000        0.5589070230
                  70                   1                 302        0.1750000000        0.5725342320
                  71                   1                 306        0.3500000000        0.5844527310
                  72                   1                 312        0.1250000000        0.5958917960
                  73                   1                 320        0.4250000000        0.6137035800
                  74                   1                 326        0.0750000000        0.6326307540
                  75                   1                 329        0.4750000000        0.6397995050
                  76                   1                 330        0.0750000000        0.6425218680
                  77                   1                 332        0.1000000000        0.6451854310
                  78                   1                 348        0.4750000000        0.6817376900
                  79                   1                 351        0.2500000000        0.6860357820
                  80                   1                 360        0.2500000000        0.7160920150
                  81                   1                 368        0.3500000000        0.7422344220
                  82                   1                 376        0.2500000000        0.7571508800
                  83                   1                 386        0.2000000000        0.7883570840
                  84                   1                 387        0.1000000000        0.7904043580
                  85                   1                 392        0.2000000000        0.7950057920
                  86                   1                 395        0.1750000000        0.7979793340
                  87                   1                 400        0.4500000000        0.8052096890
                  88                   1                 413        0.0750000000        0.8347888250
                  89                   1                 418        0.1250000000        0.8503284750
                  90                   1                 437        0.2000000000        0.8980987130
                  91                   1                 439        0.1000000000        0.8988299770
                  92                   1                 452        0.0500000000        0.9404076350
                  93                   1                 455        0.4500000000        0.9450292660
                  94                   1                 456        0.0500000000        0.9465995140
                  95                   1                 458        0.0750000000        0.9526137390
                  96                   1                 460        0.1500000000        0.9560303010
                  97                   1                 467        0.4500000000        0.9711580610
                  98                   1                 469        0.2750000000        0.9721872640
                  99                   1                 470        0.3000000000        0.9738168340
                 100                   1                 475        0.0500000000        0.9826757990
                 101                   2                   5        0.2500000000        0.0154689024
                 102                   2                   8        0.0750000000        0.0222263045
                 103                   2                   9        0.4750000000        0.0236484348
                 104                   2                  12        0.4750000000        0.0277658631
                 105                   2                  15        0.1250000000        0.0300809683
                 106                   2                  19        0.0500000000        0.0485073750
                 107                   2                  20        0.4750000000        0.0492128518
                 108                   2                  31        0.2000000000        0.0660497464
                 109                   2                  36        0.2000000000        0.0849098833
                 110                   2                  43        0.2500000000        0.1061169430
                 111                   2                  45        0.2750000000        0.1063373970
                 112                   2                  46        0.0500000000        0.1100309960
                 113                   2                  48        0.0500000000        0.1152579320
                 114                   2                  50        0.3500000000        0.1227164380
                 115                   2                  56        0.4500000000        0.1370709190
                 116                   2                  65        0.0500000000        0.1515528720
                 117                   2                  69        0.3750000000        0.1547737560
                 118                   2                  74        0.3000000000        0.1638408810
                 119                   2                  75        0.1750000000        0.1665830750
                 120                   2                  77        0.1750000000        0.1691970290
                 121                   2                  78        0.1750000000        0.1692147810
                 122                   2                  87        0.4250000000        0.1853189260
                 123                   2                  89        0.1750000000        0.1883819420
                 124                   2                  90        0.4250000000        0.1959742330
                 125                   2                  96        0.0750000000        0.2029510840
                 126                   2                  97        0.1250000000        0.2032092860
                 127                   2                  98        0.1750000000        0.2100617190
                 128                   2                 106        0.1500000000        0.2250568830
                 129                   2                 107        0.1000000000        0.2264055050
                 130                   2                 108        0.1750000000        0.2268858510
                 131                   2                 109        0.0500000000        0.2342256320
                 132                   2                 112        0.1250000000        0.2438093340
                 133                   2                 115        0.0500000000        0.2480781770
                 134                   2                 125        0.4500000000        0.2619528980
                 135                   2                 130        0.4500000000        0.2679598750
                 136                   2                 131        0.5000000000        0.2695705440
                 137                   2                 140        0.3000000000        0.2969829110
                 138                   2                 146        0.1250000000        0.3105715400
                 139                   2                 151        0.1500000000        0.3202071770
                 140                   2                 155        0.2250000000        0.3250488420
                 141                   2                 164        0.4750000000        0.3393245060
                 142                   2                 182        0.0500000000        0.3648480820
                 143                   2                 186        0.2750000000        0.3702134890
                 144                   2                 189        0.0500000000        0.3749189020
                 145                   2                 205        0.1750000000        0.3959784830
                 146                   2                 250        0.1000000000        0.4711448630
                 147                   2                 254        0.0500000000        0.4764328600
                 148                   2                 255        0.4500000000        0.4799827120
                 149                   2                 256        0.3250000000        0.4867531880
                 150                   2                 258        0.2750000000        0.4873076940
                 151                   2                 281        0.2250000000        0.5288041620
                 152                   2                 283        0.0750000000        0.5313790520
                 153                   2                 292        0.3750000000        0.5416891170
                 154                   2                 294        0.0500000000        0.5451995820
                 155                   2                 300        0.1750000000        0.5511789770
                 156                   2                 302        0.0500000000        0.5534587700
                 157                   2                 317        0.1000000000        0.5722701270
                 158                   2                 321        0.3750000000        0.5826646270
                 159                   2                 342        0.2750000000        0.6213420450
                 160                   2                 348        0.0750000000        0.6373263700
                 161                   2                 366        0.0500000000        0.6590312100
                 162                   2                 368        0.3500000000        0.6614933800
                 163                   2                 370        0.2750000000        0.6644519050
                 164                   2                 378        0.1500000000        0.6783991670
                 165                   2                 379        0.4500000000        0.6786897500
                 166                   2                 387        0.4000000000        0.6930260420
                 167                   2                 394        0.4750000000        0.6968880210
                 168                   2                 395        0.4750000000        0.6971453190
                 169                   2                 396        0.4750000000        0.6974306880
                 170                   2                 405        0.1250000000        0.7106283010
                 171                   2                 406        0.1500000000        0.7119608520
                 172                   2                 408        0.4000000000        0.7132794390
                 173                   2                 414        0.4000000000        0.7256171760
                 174                   2                 416        0.5000000000        0.7266495020
                 175                   2                 418        0.5000000000        0.7283410530
                 176                   2                 421        0.1000000000        0.7344120770
                 177                   2                 440        0.0750000000        0.7704300560
                 178                   2                 445        0.0500000000        0.7794725460
                 179                   2                 448        0.3250000000        0.7825416450
                 180                   2                 449        0.0750000000        0.7848510660
                 181                   2                 451        0.2250000000        0.7857971640
                 182                   2                 456        0.2250000000        0.7956408760
                 183                   2                 458        0.2750000000        0.7964564140
                 184                   2                 469        0.2000000000        0.8138022320
                 185                   2                 471        0.0750000000        0.8201423770
                 186                   2                 474        0.4250000000        0.8272351780
                 187                   2                 476        0.3750000000        0.8333702210
                 188                   2                 479        0.1250000000        0.8475061170
                 189                   2                 502        0.1500000000        0.9030501190
                 190                   2                 503        0.1000000000        0.9054169050
                 191                   2                 506        0.0750000000        0.9131992060
                 192                   2                 507        0.2000000000        0.9142753840
                 193                   2                 515        0.2500000000        0.9371423600
                 194                   2                 516        0.2500000000        0.9404350180
                 195                   2                 517        0.1750000000        0.9445990300
                 196                   2                 524        0.3750000000        0.9555546100
                 197                   2                 530        0.2250000000        0.9752283560
                 198                   2                 532        0.5000000000        0.9753403820
                 199                   2                 533        0.1750000000        0.9874113270
                 200                   2                 539        0.1250000000        0.9951794480
                 201                   3                  15        0.0500000000        0.0341378711
                 202                   3                  20        0.2250000000        0.0430850440
                 203                   3                  21        0.0500000000        0.0434758393
                 204                   3                  23        0.4750000000        0.0438790595
                 205                   3                  30        0.1750000000        0.0574417662
                 206                   3                  33        0.1000000000        0.0644354986
                 207                   3                  35        0.4750000000        0.0654902523
                 208                   3                  40        0.1750000000        0.0789540200
                 209                   3                  50        0.3000000000        0.1184948650
                 210                   3                  68        0.1250000000        0.1594752030
                 211                   3                  69        0.4500000000        0.1675406710
                 212                   3                  70        0.4500000000        0.1678860800
                 213                   3                  73        0.0500000000        0.1709182090
                 214                   3                  75        0.1000000000        0.1754568800
                 215                   3                  77        0.1000000000        0.1785798610
                 216                   3                  85        0.4750000000        0.2143139380
                 217                   3                  92        0.1000000000        0.2267968580
                 218                   3                  93        0.2500000000        0.2290146760
                 219                   3                  95        0.2000000000        0.2332748920
                 220                   3                  98        0.0500000000        0.2366071260
                 221                   3                 101        0.4250000000        0.2421996650
                 222                   3                 106        0.3500000000        0.2510943230
                 223                   3                 108        0.1500000000        0.2540394850
                 224                   3                 112        0.3500000000        0.2566957480
                 225                   3                 116        0.3250000000        0.2665875090
                 226                   3                 119        0.3250000000        0.2679107670
                 227                   3                 123        0.0500000000        0.2729828330
                 228                   3                 132        0.0750000000        0.2913008200
                 229                   3                 136        0.3750000000        0.2948171530
                 230                   3                 138        0.3250000000        0.2978910880
                 231                   3                 140        0.3750000000        0.2984267160
                 232                   3                 147        0.1250000000        0.3072876350
                 233                   3                 158        0.0500000000        0.3235359080
                 234                   3                 166        0.0750000000        0.3400594020
                 235                   3                 168        0.4250000000        0.3452809650
                 236                   3                 176        0.1250000000        0.3628666950
                 237                   3                 179        0.3000000000        0.3755723950
                 238                   3                 190        0.3000000000        0.4086610900
                 239                   3                 191        0.1750000000        0.4108483920
                 240                   3                 203        0.1000000000        0.4304458970
                 241                   3                 208        0.0500000000        0.4483191810
                 242                   3                 212        0.0500000000        0.4551551100
                 243                   3                 216        0.3250000000        0.4665666530
                 244                   3                 220        0.0500000000        0.4811841690
                 245                   3                 224        0.2000000000        0.4930465150
                 246                   3                 225        0.2750000000        0.4946770800
                 247                   3                 227        0.0750000000        0.5049895900
                 248                   3                 229        0.0500000000        0.5217812180
                 249                   3                 239        0.3500000000        0.5351730080
                 250                   3                 241        0.0750000000        0.5468948220
                 251                   3                 245        0.1000000000        0.5571809920
                 252                   3                 256        0.0500000000        0.5842302560
                 253                   3                 262        0.1250000000        0.5931520400
                 254                   3                 265        0.4750000000        0.5957540190
                 255                   3                 266        0.4750000000        0.5960489730
                 256                   3                 268        0.3250000000        0.6107269270
                 257                   3                 269        0.4000000000        0.6170502870
                 258                   3                 270        0.1500000000        0.6181415080
                 259                   3                 275        0.0750000000        0.6244730860
                 260                   3                 280        0.1500000000        0.6300102350
                 261                   3                 285        0.2500000000        0.6497606330
                 262                   3                 286        0.0500000000        0.6518618000
                 263                   3                 287        0.0500000000        0.6538345630
                 264                   3                 288        0.1750000000        0.6551998200
                 265                   3                 302        0.1250000000        0.6841473980
                 266                   3                 312        0.1000000000        0.7018636710
                 267                   3                 320        0.1000000000        0.7201924740
                 268                   3                 323        0.0500000000        0.7239288220
                 269                   3                 326        0.0500000000        0.7294103680
                 270                   3                 329        0.4250000000        0.7410520170
                 271                   3                 334        0.0750000000        0.7548739900
                 272                   3                 341        0.0750000000        0.7688747750
                 273                   3                 347        0.4000000000        0.7764834610
                 274                   3                 348        0.4750000000        0.7774322000
                 275                   3                 351        0.0500000000        0.7845468250
                 276                   3                 354        0.1000000000        0.7885026960
                 277                   3                 368        0.2000000000        0.8109201440
                 278                   3                 376        0.4500000000        0.8219354700
                 279                   3                 382        0.0750000000        0.8320033940
                 280                   3                 386        0.0750000000        0.8417202260
                 281                   3                 392        0.0750000000        0.8528544930
                 282                   3                 400        0.2000000000        0.8652921150
                 283                   3                 405        0.3250000000        0.8780352860
                 284                   3                 413        0.3500000000        0.8951656870
                 285                   3                 418        0.4500000000        0.8994688650
                 286                   3                 426        0.2000000000        0.9076342860
                 287                   3                 434        0.3250000000        0.9176367430
                 288                   3                 437        0.1500000000        0.9256888330
                 289                   3                 438        0.2750000000        0.9324974890
                 290                   3                 439        0.0500000000        0.9327358700
                 291                   3                 441        0.0500000000        0.9372978940
                 292                   3                 452        0.3750000000        0.9571052890
                 293                   3                 455        0.0500000000        0.9621808810
                 294                   3                 456        0.3500000000        0.9628325820
                 295                   3                 458        0.2000000000        0.9631062120
                 296                   3                 460        0.4500000000        0.9649727320
                 297                   3                 462        0.0750000000        0.9666423110
                 298                   3                 469        0.2750000000        0.9780410540
                 299                   3                 470        0.2750000000        0.9783735000
                 300                   3                 477        0.4750000000        0.9930432230
