1 0 0
2 0 0
3 0 0
4 0 0
5 0 0
6 0 0
7 0 0
8 0 0
9 0 0
10 0 0
11 0 0
12 0 0
13 0 0
14 0 0
15 0 0
16 0 0
17 0 0
18 0 0
19 0 0
20 0 0
21 4 8
22 4 3
23 4 18
24 4 17
25 10 8
26 10 11
27 10 19
28 10 15
29 14 16
30 14 12
31 14 18
32 14 19
33 20 15
34 20 3
35 20 17
36 20 6
37 9 12
38 9 16
39 9 11
40 9 6
41 33 29
42 33 34
43 33 38
44 33 34
45 26 22
46 26 30
47 26 30
48 26 22
49 24 27
50 24 32
51 24 27
52 24 38
53 25 32
54 25 31
55 25 39
56 25 31
57 23 39
58 23 29
59 23 35
60 23 35
61 42 58
62 42 44
63 42 45
64 42 54
65 46 47
66 46 47
67 46 58
68 46 60
69 59 43
70 59 49
71 59 55
72 59 43
73 50 49
74 50 48
75 50 60
76 50 55
77 56 44
78 56 48
79 56 45
80 56 54
81 74 67
82 74 69
83 74 72
84 74 68
85 63 80
86 63 68
87 63 65
88 63 72
89 73 65
90 73 66
91 73 69
92 73 71
93 61 67
94 61 71
95 61 80
96 61 79
97 62 79
98 62 64
99 62 64
100 62 66
101 94 93
102 94 90
103 94 81
104 94 92
105 96 90
106 96 93
107 96 95
108 96 89
109 87 84
110 87 95
111 87 99
112 87 98
113 86 98
114 86 89
115 86 81
116 86 100
117 91 99
118 91 84
119 91 100
120 91 92
121 114 116
122 114 104
123 114 109
124 114 119
125 102 108
126 102 113
127 102 111
128 102 109
129 110 104
130 110 105
131 110 119
132 110 117
133 112 117
134 112 116
135 112 105
136 112 111
137 115 113
138 115 108
139 115 106
140 115 106
141 125 130
142 125 129
143 125 122
144 125 136
145 140 133
146 140 123
147 140 137
148 140 123
149 135 130
150 135 133
151 135 129
152 135 126
153 124 121
154 124 137
155 124 136
156 124 139
157 127 126
158 127 139
159 127 122
160 127 121
161 156 145
162 156 150
163 156 147
164 156 144
165 160 153
166 160 152
167 160 159
168 160 158
169 146 144
170 146 145
171 146 152
172 146 159
173 143 141
174 143 158
175 143 147
176 143 149
177 154 150
178 154 149
179 154 153
180 154 141
181 171 163
182 171 176
183 171 164
184 171 170
185 169 161
186 169 180
187 169 177
188 169 165
189 179 178
190 179 163
191 179 170
192 179 164
193 166 172
194 166 177
195 166 178
196 166 165
197 168 172
198 168 180
199 168 161
200 168 176
201 190 199
202 190 194
203 190 191
204 190 194
205 184 195
206 184 193
207 184 193
208 184 196
209 186 181
210 186 187
211 186 187
212 186 191
213 197 188
214 197 196
215 197 188
216 197 198
217 183 181
218 183 199
219 183 195
220 183 198
221 204 207
222 204 201
223 204 202
224 204 217
225 218 211
226 218 213
227 218 209
228 218 210
229 208 212
230 208 207
231 208 217
232 208 202
233 205 219
234 205 209
235 205 212
236 205 210
237 206 219
238 206 213
239 206 211
240 206 201
241 239 227
242 239 231
243 239 222
244 239 234
245 230 238
246 230 237
247 230 224
248 230 227
249 223 221
250 223 235
251 223 240
252 223 238
253 232 221
254 232 234
255 232 222
256 232 237
257 233 235
258 233 231
259 233 240
260 233 224
261 253 258
262 253 258
263 253 244
264 253 247
265 250 243
266 250 257
267 250 252
268 250 251
269 245 241
270 245 254
271 245 255
272 245 243
273 249 254
274 249 251
275 249 247
276 249 252
277 256 257
278 256 255
279 256 244
280 256 241
281 267 275
282 267 274
283 267 271
284 267 261
285 265 263
286 265 278
287 265 271
288 265 278
289 270 275
290 270 269
291 270 263
292 270 261
293 266 276
294 266 273
295 266 276
296 266 269
297 280 274
298 280 273
299 280 272
300 280 272
301 284 289
302 284 294
303 284 297
304 284 297
305 292 286
306 292 288
307 292 286
308 292 299
309 285 289
310 285 291
311 285 287
312 285 288
313 295 294
314 295 287
315 295 300
316 295 283
317 298 283
318 298 299
319 298 291
320 298 300
321 315 314
322 315 317
323 315 303
324 315 319
325 311 317
326 311 301
327 311 314
328 311 308
329 309 308
330 309 305
331 309 307
332 309 303
333 304 319
334 304 305
335 304 316
336 304 313
337 310 313
338 310 307
339 310 301
340 310 316
341 331 328
342 331 336
343 331 328
344 331 326
345 332 335
346 332 323
347 332 337
348 332 327
349 334 339
350 334 326
351 334 336
352 334 324
353 333 339
354 333 327
355 333 322
356 333 323
357 340 322
358 340 337
359 340 324
360 340 335
361 359 344
362 359 357
363 359 343
364 359 354
365 355 345
366 355 360
367 355 353
368 355 357
369 346 360
370 346 342
371 346 342
372 346 341
373 348 354
374 348 345
375 348 349
376 348 344
377 350 349
378 350 343
379 350 341
380 350 353
381 366 371
382 366 376
383 366 371
384 366 364
385 365 379
386 365 367
387 365 370
388 365 368
389 369 362
390 369 364
391 369 376
392 369 378
393 363 362
394 363 368
395 363 372
396 363 367
397 380 372
398 380 370
399 380 378
400 380 379
401 384 383
402 384 398
403 384 396
404 384 390
405 388 386
406 388 390
407 388 383
408 388 397
409 400 381
410 400 396
411 400 385
412 400 391
413 399 381
414 399 389
415 399 391
416 399 385
417 394 389
418 394 397
419 394 398
420 394 386
